net SC, event record starttime(UTC): 2019-01-13T23:21:15.000000Z, endtime(UTC): 2019-01-13T23:22:29.990000Z 
BEXJ  P1       2019 01 13 23 21 44.05  0.100 -999.   0.00 -999.  0.00 T__DRM_ -999.        166.83    2.16
BMZJ  P1       2019 01 13 23 21 47.98  0.100 -999.   0.00 -999.  0.00 T__DRM_ -999.         73.32   25.31
BMZJ  S1       2019 01 13 23 21 56.90  0.200 -999.   0.00 -999.  0.00 T__DRM_ -999.         73.32   28.55
GZXJ  P1       2019 01 13 23 21 50.71  0.100 -999.   0.00 -999.  0.00 T__DRM_ -999.         94.67    6.94
GZXJ  S1       2019 01 13 23 22 00.69  0.200 -999.   0.00 -999.  0.00 T__DRM_ -999.         94.67    7.33
HPXJ  P1       2019 01 13 23 21 51.70  0.100 -999.   0.00 -999.  0.00 T__DRM_ -999.         61.32    4.86
HPXJ  S1       2019 01 13 23 22 01.76  0.200 -999.   0.00 -999.  0.00 T__DRM_ -999.         61.32    4.28
WDZJ  P1       2019 01 13 23 21 52.31  0.100 -999.   0.00 -999.  0.00 T__DRM_ -999.         69.78   16.73
WDZJ  S1       2019 01 13 23 22 04.90  0.200 -999.   0.00 -999.  0.00 T__DRM_ -999.         69.78   17.36
WTXJ  P1       2019 01 13 23 21 42.11  0.100 -999.   0.00 -999.  0.00 T__DRM_ -999.        477.79   42.16
WTXJ  S1       2019 01 13 23 21 46.22  0.200 -999.   0.00 -999.  0.00 T__DRM_ -999.        477.79   53.46
XDZJ  P1       2019 01 13 23 21 45.62  0.100 -999.   0.00 -999.  0.00 T__DRM_ -999.         91.13    1.82
XDZJ  S1       2019 01 13 23 21 52.69  0.200 -999.   0.00 -999.  0.00 T__DRM_ -999.         91.13    1.79
YDXJ  P1       2019 01 13 23 21 48.17  0.100 -999.   0.00 -999.  0.00 T__DRM_ -999.         47.70   20.63
YDXJ  S1       2019 01 13 23 21 57.25  0.200 -999.   0.00 -999.  0.00 T__DRM_ -999.         47.70   25.09
