# B-factors of Mehdi Rezapour (2003, BSSA, Vol 93, 172-189)
  32     # Number of depth samples
   0.00   5.00  10.00  15.00  20.00  25.00  30.00  35.00  40.00  45.00
  50.00  60.00  65.00  70.00  75.00  80.00  85.00  90.00  95.00 100.00
 150.00 200.00 250.00 300.00 350.00 400.00 450.00 500.00 550.00 600.00 
 650.00 700.00
  80     # Number of distance samples
  21.00  22.00  23.00  24.00  25.00  26.00  27.00  28.00  29.00  30.00
  31.00  32.00  33.00  34.00  35.00  36.00  37.00  38.00  39.00  40.00
  41.00  42.00  43.00  44.00  45.00  46.00  47.00  48.00  49.00  50.00
  51.00  52.00  53.00  54.00  55.00  56.00  57.00  58.00  59.00  60.00
  61.00  62.00  63.00  64.00  65.00  66.00  67.00  68.00  69.00  70.00
  71.00  72.00  73.00  74.00  75.00  76.00  77.00  78.00  79.00  80.00
  81.00  82.00  83.00  84.00  85.00  86.00  87.00  88.00  89.00  90.00
  91.00  92.00  93.00  94.00  95.00  96.00  97.00  98.00  99.00 100.00
# B-factor for mb at z =   0.00
     3.283
     3.316
     3.339
     3.374
     3.433
     3.513
     3.599
     3.673
     3.718
     3.733
     3.731
     3.721
     3.705
     3.692
     3.681
     3.671
     3.669
     3.679
     3.689
     3.695
     3.701
     3.706
     3.709
     3.711
     3.714
     3.718
     3.723
     3.730
     3.744
     3.761
     3.773
     3.779
     3.781
     3.777
     3.768
     3.760
     3.762
     3.773
     3.784
     3.786
     3.778
     3.772
     3.772
     3.775
     3.781
     3.787
     3.787
     3.775
     3.765
     3.766
     3.770
     3.770
     3.769
     3.770
     3.773
     3.775
     3.775
     3.779
     3.791
     3.803
     3.816
     3.830
     3.838
     3.842
     3.853
     3.878
     3.916
     3.964
     4.008
     4.043
     4.073
     4.107
     4.153
     4.213
     4.276
     4.327
     4.375
     4.425
     4.495
     4.556
# B-factor for mb at z =   5.00
     3.266
     3.299
     3.322
     3.357
     3.416
     3.496
     3.582
     3.656
     3.701
     3.716
     3.714
     3.704
     3.688
     3.675
     3.664
     3.654
     3.652
     3.662
     3.672
     3.678
     3.684
     3.689
     3.692
     3.694
     3.697
     3.701
     3.706
     3.713
     3.727
     3.744
     3.756
     3.762
     3.764
     3.760
     3.751
     3.743
     3.745
     3.756
     3.767
     3.769
     3.761
     3.755
     3.755
     3.758
     3.764
     3.770
     3.770
     3.758
     3.748
     3.749
     3.753
     3.753
     3.752
     3.753
     3.756
     3.758
     3.758
     3.762
     3.774
     3.786
     3.799
     3.813
     3.821
     3.825
     3.836
     3.861
     3.899
     3.947
     3.991
     4.026
     4.056
     4.090
     4.136
     4.196
     4.259
     4.310
     4.358
     4.408
     4.478
     4.539
# B-factor for mb at z =  10.00
     3.250
     3.283
     3.306
     3.341
     3.400
     3.480
     3.566
     3.640
     3.685
     3.700
     3.698
     3.688
     3.672
     3.659
     3.648
     3.638
     3.636
     3.646
     3.656
     3.662
     3.668
     3.673
     3.676
     3.678
     3.681
     3.685
     3.690
     3.697
     3.711
     3.728
     3.740
     3.746
     3.748
     3.744
     3.735
     3.727
     3.729
     3.740
     3.751
     3.753
     3.745
     3.739
     3.739
     3.742
     3.748
     3.754
     3.754
     3.742
     3.732
     3.733
     3.737
     3.737
     3.736
     3.737
     3.740
     3.742
     3.742
     3.746
     3.758
     3.770
     3.783
     3.797
     3.805
     3.809
     3.820
     3.845
     3.883
     3.931
     3.975
     4.010
     4.040
     4.074
     4.120
     4.180
     4.243
     4.294
     4.342
     4.392
     4.462
     4.523
# B-factor for mb at z =  15.00
     3.233
     3.266
     3.289
     3.324
     3.383
     3.463
     3.549
     3.623
     3.668
     3.683
     3.681
     3.671
     3.655
     3.642
     3.631
     3.621
     3.619
     3.629
     3.639
     3.645
     3.651
     3.656
     3.659
     3.661
     3.664
     3.668
     3.673
     3.680
     3.694
     3.711
     3.723
     3.729
     3.731
     3.727
     3.718
     3.710
     3.712
     3.723
     3.734
     3.736
     3.728
     3.722
     3.722
     3.725
     3.731
     3.737
     3.737
     3.725
     3.715
     3.716
     3.720
     3.720
     3.719
     3.720
     3.723
     3.725
     3.725
     3.729
     3.741
     3.753
     3.766
     3.780
     3.788
     3.792
     3.803
     3.828
     3.866
     3.914
     3.958
     3.993
     4.023
     4.057
     4.103
     4.163
     4.226
     4.277
     4.325
     4.375
     4.445
     4.506
# B-factor for mb at z =  20.00
     3.233
     3.264
     3.286
     3.322
     3.382
     3.462
     3.548
     3.622
     3.667
     3.680
     3.677
     3.667
     3.651
     3.638
     3.627
     3.617
     3.614
     3.621
     3.629
     3.635
     3.641
     3.647
     3.650
     3.653
     3.656
     3.660
     3.664
     3.672
     3.685
     3.701
     3.712
     3.717
     3.719
     3.716
     3.708
     3.703
     3.706
     3.715
     3.723
     3.724
     3.716
     3.712
     3.713
     3.717
     3.724
     3.730
     3.731
     3.719
     3.709
     3.709
     3.713
     3.713
     3.712
     3.712
     3.714
     3.716
     3.718
     3.725
     3.738
     3.751
     3.766
     3.780
     3.789
     3.792
     3.802
     3.826
     3.864
     3.912
     3.957
     3.991
     4.020
     4.053
     4.100
     4.158
     4.219
     4.271
     4.321
     4.373
     4.438
     4.503
# B-factor for mb at z =  25.00
     3.233
     3.262
     3.283
     3.321
     3.382
     3.461
     3.547
     3.622
     3.665
     3.677
     3.674
     3.662
     3.647
     3.634
     3.623
     3.614
     3.609
     3.612
     3.619
     3.625
     3.632
     3.637
     3.642
     3.645
     3.648
     3.651
     3.656
     3.663
     3.677
     3.691
     3.700
     3.706
     3.707
     3.704
     3.699
     3.696
     3.700
     3.708
     3.713
     3.712
     3.705
     3.702
     3.704
     3.708
     3.716
     3.724
     3.724
     3.713
     3.703
     3.702
     3.706
     3.706
     3.704
     3.704
     3.705
     3.708
     3.712
     3.721
     3.735
     3.750
     3.765
     3.781
     3.789
     3.792
     3.801
     3.824
     3.861
     3.911
     3.955
     3.989
     4.016
     4.050
     4.096
     4.153
     4.212
     4.265
     4.317
     4.371
     4.430
     4.499
# B-factor for mb at z =  30.00
     3.233
     3.260
     3.280
     3.319
     3.381
     3.460
     3.546
     3.621
     3.664
     3.674
     3.670
     3.658
     3.643
     3.630
     3.619
     3.610
     3.604
     3.604
     3.609
     3.615
     3.622
     3.628
     3.633
     3.637
     3.640
     3.643
     3.647
     3.655
     3.668
     3.681
     3.689
     3.694
     3.695
     3.693
     3.689
     3.689
     3.694
     3.700
     3.702
     3.700
     3.693
     3.692
     3.695
     3.700
     3.709
     3.717
     3.718
     3.707
     3.697
     3.695
     3.699
     3.699
     3.697
     3.696
     3.696
     3.699
     3.705
     3.717
     3.732
     3.748
     3.765
     3.781
     3.790
     3.792
     3.800
     3.822
     3.859
     3.909
     3.954
     3.987
     4.013
     4.046
     4.093
     4.148
     4.205
     4.259
     4.313
     4.369
     4.423
     4.496
# B-factor for mb at z =  35.00
     3.232
     3.257
     3.277
     3.318
     3.381
     3.459
     3.545
     3.620
     3.663
     3.672
     3.666
     3.654
     3.638
     3.625
     3.616
     3.606
     3.598
     3.596
     3.598
     3.605
     3.612
     3.618
     3.624
     3.628
     3.632
     3.634
     3.638
     3.647
     3.659
     3.670
     3.678
     3.682
     3.684
     3.682
     3.680
     3.681
     3.689
     3.692
     3.691
     3.687
     3.682
     3.681
     3.686
     3.692
     3.701
     3.710
     3.712
     3.702
     3.690
     3.689
     3.691
     3.692
     3.690
     3.687
     3.688
     3.691
     3.699
     3.712
     3.730
     3.747
     3.764
     3.782
     3.790
     3.792
     3.799
     3.820
     3.857
     3.908
     3.952
     3.984
     4.009
     4.043
     4.090
     4.143
     4.199
     4.252
     4.308
     4.368
     4.416
     4.492
# B-factor for mb at z =  40.00
     3.232
     3.255
     3.274
     3.316
     3.380
     3.458
     3.544
     3.619
     3.662
     3.669
     3.662
     3.650
     3.634
     3.621
     3.612
     3.602
     3.593
     3.588
     3.588
     3.595
     3.602
     3.609
     3.615
     3.620
     3.624
     3.626
     3.629
     3.639
     3.650
     3.660
     3.667
     3.670
     3.672
     3.671
     3.670
     3.674
     3.683
     3.684
     3.680
     3.675
     3.670
     3.671
     3.677
     3.684
     3.694
     3.703
     3.706
     3.696
     3.684
     3.682
     3.684
     3.685
     3.683
     3.679
     3.679
     3.682
     3.692
     3.708
     3.727
     3.745
     3.764
     3.782
     3.791
     3.792
     3.798
     3.818
     3.855
     3.906
     3.951
     3.982
     4.006
     4.039
     4.087
     4.138
     4.192
     4.246
     4.304
     4.366
     4.409
     4.489
# B-factor for mb at z =  45.00
     3.232
     3.253
     3.271
     3.315
     3.380
     3.457
     3.543
     3.619
     3.660
     3.666
     3.659
     3.645
     3.630
     3.617
     3.608
     3.599
     3.588
     3.579
     3.578
     3.585
     3.593
     3.599
     3.607
     3.612
     3.616
     3.617
     3.621
     3.630
     3.642
     3.650
     3.655
     3.659
     3.660
     3.659
     3.661
     3.667
     3.677
     3.677
     3.670
     3.663
     3.659
     3.661
     3.668
     3.675
     3.686
     3.697
     3.699
     3.690
     3.678
     3.675
     3.677
     3.678
     3.675
     3.671
     3.670
     3.674
     3.686
     3.704
     3.724
     3.744
     3.763
     3.783
     3.791
     3.792
     3.797
     3.816
     3.852
     3.905
     3.949
     3.980
     4.002
     4.036
     4.083
     4.133
     4.185
     4.240
     4.300
     4.364
     4.401
     4.485
# B-factor for mb at z =  50.00
     3.232
     3.251
     3.268
     3.313
     3.379
     3.456
     3.542
     3.618
     3.659
     3.663
     3.655
     3.641
     3.626
     3.613
     3.604
     3.595
     3.583
     3.571
     3.568
     3.575
     3.583
     3.590
     3.598
     3.604
     3.608
     3.609
     3.612
     3.622
     3.633
     3.640
     3.644
     3.647
     3.648
     3.648
     3.651
     3.660
     3.671
     3.669
     3.659
     3.651
     3.647
     3.651
     3.659
     3.667
     3.679
     3.690
     3.693
     3.684
     3.672
     3.668
     3.670
     3.671
     3.668
     3.663
     3.661
     3.665
     3.679
     3.700
     3.721
     3.742
     3.763
     3.783
     3.792
     3.792
     3.796
     3.814
     3.850
     3.903
     3.948
     3.978
     3.999
     4.032
     4.080
     4.128
     4.178
     4.234
     4.296
     4.362
     4.394
     4.482
# B-factor for mb at z =  55.00
     3.215
     3.235
     3.255
     3.302
     3.369
     3.447
     3.531
     3.605
     3.643
     3.647
     3.639
     3.625
     3.611
     3.599
     3.591
     3.582
     3.569
     3.556
     3.553
     3.558
     3.564
     3.571
     3.580
     3.587
     3.591
     3.592
     3.596
     3.608
     3.620
     3.626
     3.630
     3.634
     3.636
     3.635
     3.637
     3.646
     3.657
     3.656
     3.647
     3.639
     3.635
     3.640
     3.649
     3.658
     3.670
     3.680
     3.681
     3.672
     3.662
     3.658
     3.660
     3.661
     3.658
     3.653
     3.651
     3.655
     3.669
     3.688
     3.710
     3.732
     3.755
     3.776
     3.786
     3.785
     3.789
     3.806
     3.841
     3.893
     3.936
     3.966
     3.988
     4.022
     4.071
     4.119
     4.168
     4.224
     4.286
     4.349
     4.384
     4.472
# B-factor for mb at z =  60.00
     3.197
     3.219
     3.243
     3.292
     3.359
     3.437
     3.521
     3.591
     3.627
     3.631
     3.622
     3.609
     3.596
     3.585
     3.579
     3.569
     3.555
     3.542
     3.537
     3.540
     3.545
     3.551
     3.562
     3.570
     3.575
     3.575
     3.580
     3.593
     3.606
     3.612
     3.616
     3.621
     3.624
     3.621
     3.622
     3.632
     3.643
     3.643
     3.635
     3.627
     3.623
     3.628
     3.638
     3.648
     3.660
     3.669
     3.670
     3.661
     3.651
     3.649
     3.650
     3.651
     3.648
     3.642
     3.640
     3.645
     3.658
     3.677
     3.698
     3.723
     3.747
     3.770
     3.779
     3.778
     3.781
     3.798
     3.832
     3.882
     3.925
     3.954
     3.977
     4.013
     4.061
     4.109
     4.159
     4.214
     4.276
     4.337
     4.374
     4.462
# B-factor for mb at z =  65.00
     3.180
     3.203
     3.230
     3.281
     3.349
     3.428
     3.510
     3.578
     3.611
     3.614
     3.606
     3.593
     3.581
     3.572
     3.566
     3.557
     3.541
     3.527
     3.522
     3.523
     3.525
     3.532
     3.544
     3.553
     3.558
     3.558
     3.564
     3.579
     3.593
     3.599
     3.602
     3.608
     3.611
     3.608
     3.608
     3.617
     3.630
     3.630
     3.623
     3.615
     3.611
     3.617
     3.628
     3.639
     3.651
     3.659
     3.658
     3.649
     3.641
     3.639
     3.640
     3.641
     3.638
     3.632
     3.629
     3.635
     3.648
     3.666
     3.687
     3.713
     3.740
     3.763
     3.773
     3.771
     3.774
     3.790
     3.823
     3.872
     3.913
     3.943
     3.966
     4.003
     4.052
     4.100
     4.149
     4.205
     4.266
     4.324
     4.365
     4.451
# B-factor for mb at z =  70.00
     3.163
     3.187
     3.218
     3.270
     3.339
     3.418
     3.500
     3.564
     3.595
     3.598
     3.589
     3.577
     3.566
     3.558
     3.553
     3.544
     3.527
     3.513
     3.506
     3.505
     3.506
     3.513
     3.526
     3.536
     3.541
     3.541
     3.548
     3.564
     3.579
     3.585
     3.588
     3.595
     3.599
     3.595
     3.594
     3.603
     3.616
     3.617
     3.611
     3.603
     3.599
     3.606
     3.618
     3.630
     3.641
     3.648
     3.647
     3.637
     3.631
     3.630
     3.630
     3.631
     3.628
     3.621
     3.619
     3.625
     3.637
     3.654
     3.676
     3.703
     3.732
     3.756
     3.766
     3.764
     3.766
     3.782
     3.814
     3.861
     3.902
     3.931
     3.955
     3.993
     4.042
     4.090
     4.139
     4.195
     4.256
     4.311
     4.355
     4.441
# B-factor for mb at z =  75.00
     3.146
     3.171
     3.205
     3.260
     3.329
     3.409
     3.489
     3.551
     3.579
     3.582
     3.573
     3.562
     3.551
     3.544
     3.541
     3.531
     3.513
     3.498
     3.491
     3.488
     3.487
     3.493
     3.508
     3.520
     3.524
     3.524
     3.531
     3.550
     3.566
     3.571
     3.574
     3.582
     3.587
     3.582
     3.579
     3.589
     3.602
     3.604
     3.599
     3.590
     3.587
     3.595
     3.608
     3.621
     3.632
     3.638
     3.635
     3.625
     3.621
     3.621
     3.621
     3.621
     3.618
     3.611
     3.609
     3.615
     3.627
     3.642
     3.664
     3.694
     3.724
     3.750
     3.760
     3.758
     3.759
     3.774
     3.805
     3.851
     3.890
     3.919
     3.944
     3.984
     4.033
     4.081
     4.129
     4.185
     4.246
     4.299
     4.345
     4.431
# B-factor for mb at z =  80.00
     3.128
     3.156
     3.193
     3.249
     3.319
     3.399
     3.478
     3.538
     3.564
     3.566
     3.557
     3.546
     3.536
     3.530
     3.528
     3.518
     3.499
     3.483
     3.476
     3.471
     3.468
     3.474
     3.489
     3.503
     3.508
     3.508
     3.515
     3.536
     3.553
     3.557
     3.560
     3.570
     3.575
     3.568
     3.565
     3.575
     3.588
     3.592
     3.587
     3.578
     3.575
     3.583
     3.597
     3.611
     3.623
     3.628
     3.623
     3.614
     3.610
     3.611
     3.611
     3.611
     3.608
     3.601
     3.598
     3.604
     3.617
     3.631
     3.653
     3.684
     3.716
     3.743
     3.753
     3.751
     3.752
     3.767
     3.796
     3.841
     3.878
     3.907
     3.934
     3.974
     4.024
     4.072
     4.120
     4.175
     4.235
     4.286
     4.335
     4.421
# B-factor for mb at z =  85.00
     3.111
     3.140
     3.180
     3.238
     3.309
     3.390
     3.468
     3.524
     3.548
     3.550
     3.540
     3.530
     3.521
     3.516
     3.515
     3.505
     3.485
     3.469
     3.460
     3.453
     3.449
     3.455
     3.471
     3.486
     3.491
     3.491
     3.499
     3.521
     3.539
     3.543
     3.546
     3.557
     3.563
     3.555
     3.551
     3.561
     3.574
     3.579
     3.575
     3.566
     3.563
     3.572
     3.587
     3.602
     3.613
     3.617
     3.612
     3.602
     3.600
     3.602
     3.601
     3.601
     3.598
     3.590
     3.588
     3.594
     3.606
     3.620
     3.642
     3.674
     3.708
     3.736
     3.747
     3.744
     3.744
     3.759
     3.787
     3.830
     3.867
     3.895
     3.923
     3.964
     4.014
     4.062
     4.110
     4.165
     4.225
     4.273
     4.325
     4.411
# B-factor for mb at z =  90.00
     3.094
     3.124
     3.168
     3.227
     3.299
     3.380
     3.457
     3.511
     3.532
     3.533
     3.524
     3.514
     3.506
     3.503
     3.502
     3.493
     3.471
     3.454
     3.445
     3.436
     3.429
     3.436
     3.453
     3.469
     3.474
     3.474
     3.483
     3.507
     3.526
     3.530
     3.532
     3.544
     3.550
     3.542
     3.537
     3.546
     3.561
     3.566
     3.563
     3.554
     3.551
     3.561
     3.577
     3.593
     3.604
     3.607
     3.600
     3.590
     3.590
     3.592
     3.591
     3.591
     3.588
     3.580
     3.577
     3.584
     3.596
     3.608
     3.631
     3.664
     3.701
     3.729
     3.740
     3.737
     3.737
     3.751
     3.778
     3.820
     3.855
     3.884
     3.912
     3.954
     4.005
     4.053
     4.100
     4.156
     4.215
     4.260
     4.316
     4.400
# B-factor for mb at z =  95.00
     3.076
     3.108
     3.155
     3.217
     3.289
     3.371
     3.447
     3.497
     3.516
     3.517
     3.507
     3.498
     3.491
     3.489
     3.490
     3.480
     3.457
     3.440
     3.429
     3.418
     3.410
     3.416
     3.435
     3.452
     3.458
     3.457
     3.467
     3.492
     3.512
     3.516
     3.518
     3.531
     3.538
     3.528
     3.522
     3.532
     3.547
     3.553
     3.551
     3.542
     3.539
     3.549
     3.566
     3.583
     3.594
     3.596
     3.589
     3.579
     3.579
     3.582
     3.581
     3.581
     3.578
     3.569
     3.566
     3.574
     3.585
     3.596
     3.619
     3.655
     3.693
     3.723
     3.734
     3.730
     3.729
     3.743
     3.769
     3.809
     3.844
     3.872
     3.901
     3.945
     3.995
     4.043
     4.091
     4.146
     4.205
     4.248
     4.306
     4.390
# B-factor for mb at z = 100.00
     3.059
     3.092
     3.143
     3.206
     3.279
     3.361
     3.436
     3.484
     3.500
     3.501
     3.491
     3.482
     3.476
     3.475
     3.477
     3.467
     3.443
     3.425
     3.414
     3.401
     3.391
     3.397
     3.417
     3.435
     3.441
     3.440
     3.451
     3.478
     3.499
     3.502
     3.504
     3.518
     3.526
     3.515
     3.508
     3.518
     3.533
     3.540
     3.539
     3.530
     3.527
     3.538
     3.556
     3.574
     3.585
     3.586
     3.577
     3.567
     3.569
     3.573
     3.571
     3.571
     3.568
     3.559
     3.556
     3.564
     3.575
     3.585
     3.608
     3.645
     3.685
     3.716
     3.727
     3.723
     3.722
     3.735
     3.760
     3.799
     3.832
     3.860
     3.890
     3.935
     3.986
     4.034
     4.081
     4.136
     4.195
     4.235
     4.296
     4.380
# B-factor for mb at z = 150.00
     3.027
     3.045
     3.088
     3.153
     3.230
     3.311
     3.375
     3.415
     3.426
     3.422
     3.411
     3.403
     3.391
     3.381
     3.372
     3.355
     3.342
     3.348
     3.359
     3.361
     3.356
     3.358
     3.369
     3.379
     3.383
     3.392
     3.419
     3.451
     3.473
     3.474
     3.466
     3.479
     3.485
     3.467
     3.458
     3.469
     3.477
     3.482
     3.491
     3.491
     3.488
     3.489
     3.492
     3.498
     3.510
     3.519
     3.518
     3.514
     3.513
     3.512
     3.519
     3.534
     3.540
     3.533
     3.531
     3.540
     3.552
     3.565
     3.583
     3.609
     3.637
     3.655
     3.659
     3.650
     3.654
     3.684
     3.730
     3.770
     3.793
     3.816
     3.848
     3.899
     3.955
     4.000
     4.047
     4.100
     4.154
     4.204
     4.264
     4.349
# B-factor for mb at z = 200.00
     2.995
     2.998
     3.032
     3.099
     3.180
     3.260
     3.314
     3.347
     3.353
     3.343
     3.332
     3.323
     3.307
     3.287
     3.267
     3.244
     3.240
     3.271
     3.305
     3.321
     3.321
     3.319
     3.321
     3.324
     3.326
     3.344
     3.388
     3.424
     3.446
     3.445
     3.428
     3.440
     3.444
     3.419
     3.409
     3.420
     3.421
     3.424
     3.444
     3.453
     3.449
     3.440
     3.428
     3.422
     3.435
     3.452
     3.460
     3.462
     3.456
     3.451
     3.467
     3.497
     3.512
     3.508
     3.506
     3.516
     3.529
     3.545
     3.559
     3.574
     3.590
     3.595
     3.591
     3.577
     3.585
     3.633
     3.700
     3.740
     3.755
     3.772
     3.806
     3.863
     3.923
     3.967
     4.012
     4.063
     4.112
     4.173
     4.233
     4.317
# B-factor for mb at z = 250.00
     2.991
     3.007
     3.052
     3.118
     3.188
     3.250
     3.290
     3.315
     3.321
     3.317
     3.308
     3.298
     3.283
     3.268
     3.256
     3.247
     3.250
     3.274
     3.295
     3.302
     3.297
     3.292
     3.294
     3.298
     3.299
     3.316
     3.353
     3.380
     3.390
     3.386
     3.378
     3.395
     3.404
     3.393
     3.396
     3.411
     3.414
     3.415
     3.431
     3.440
     3.439
     3.431
     3.421
     3.416
     3.424
     3.441
     3.454
     3.457
     3.446
     3.438
     3.453
     3.481
     3.493
     3.488
     3.483
     3.488
     3.503
     3.521
     3.537
     3.557
     3.577
     3.587
     3.589
     3.586
     3.601
     3.646
     3.702
     3.735
     3.746
     3.760
     3.794
     3.847
     3.903
     3.947
     3.997
     4.057
     4.115
     4.181
     4.244
     4.316
# B-factor for mb at z = 300.00
     2.987
     3.015
     3.071
     3.138
     3.197
     3.239
     3.266
     3.283
     3.290
     3.290
     3.283
     3.273
     3.260
     3.249
     3.246
     3.249
     3.261
     3.276
     3.285
     3.283
     3.272
     3.264
     3.267
     3.272
     3.273
     3.289
     3.319
     3.336
     3.335
     3.326
     3.329
     3.350
     3.364
     3.366
     3.383
     3.403
     3.407
     3.405
     3.417
     3.428
     3.430
     3.422
     3.414
     3.410
     3.413
     3.430
     3.449
     3.452
     3.436
     3.425
     3.438
     3.464
     3.475
     3.468
     3.459
     3.461
     3.477
     3.497
     3.515
     3.539
     3.563
     3.578
     3.587
     3.595
     3.617
     3.659
     3.705
     3.730
     3.737
     3.749
     3.782
     3.832
     3.882
     3.927
     3.982
     4.051
     4.119
     4.190
     4.255
     4.314
# B-factor for mb at z = 350.00
     2.984
     3.023
     3.090
     3.158
     3.205
     3.228
     3.243
     3.251
     3.259
     3.264
     3.259
     3.247
     3.236
     3.231
     3.235
     3.251
     3.272
     3.279
     3.274
     3.264
     3.247
     3.237
     3.241
     3.246
     3.247
     3.261
     3.285
     3.292
     3.279
     3.267
     3.279
     3.304
     3.324
     3.340
     3.370
     3.394
     3.400
     3.396
     3.404
     3.415
     3.420
     3.413
     3.408
     3.404
     3.402
     3.418
     3.444
     3.447
     3.426
     3.413
     3.424
     3.448
     3.457
     3.449
     3.435
     3.433
     3.451
     3.472
     3.492
     3.522
     3.550
     3.569
     3.585
     3.605
     3.633
     3.672
     3.707
     3.725
     3.728
     3.738
     3.770
     3.817
     3.862
     3.907
     3.966
     4.044
     4.122
     4.198
     4.266
     4.313
# B-factor for mb at z = 400.00
     2.980
     3.032
     3.110
     3.177
     3.213
     3.218
     3.219
     3.219
     3.227
     3.238
     3.235
     3.222
     3.212
     3.212
     3.224
     3.254
     3.282
     3.282
     3.264
     3.245
     3.223
     3.209
     3.214
     3.220
     3.220
     3.233
     3.250
     3.248
     3.223
     3.208
     3.229
     3.259
     3.284
     3.314
     3.357
     3.385
     3.393
     3.387
     3.390
     3.402
     3.410
     3.404
     3.401
     3.398
     3.391
     3.407
     3.438
     3.442
     3.416
     3.400
     3.410
     3.432
     3.438
     3.429
     3.412
     3.406
     3.425
     3.448
     3.470
     3.505
     3.537
     3.561
     3.583
     3.614
     3.649
     3.685
     3.709
     3.720
     3.719
     3.726
     3.758
     3.801
     3.841
     3.887
     3.951
     4.038
     4.126
     4.207
     4.277
     4.312
# B-factor for mb at z = 450.00
     3.021
     3.075
     3.159
     3.219
     3.240
     3.234
     3.235
     3.236
     3.238
     3.235
     3.218
     3.203
     3.189
     3.181
     3.193
     3.230
     3.261
     3.267
     3.255
     3.237
     3.214
     3.197
     3.195
     3.198
     3.197
     3.205
     3.209
     3.192
     3.166
     3.169
     3.217
     3.271
     3.304
     3.328
     3.356
     3.371
     3.375
     3.370
     3.369
     3.368
     3.369
     3.370
     3.373
     3.369
     3.358
     3.368
     3.394
     3.403
     3.390
     3.383
     3.393
     3.407
     3.408
     3.404
     3.401
     3.406
     3.426
     3.446
     3.465
     3.496
     3.524
     3.539
     3.558
     3.596
     3.643
     3.685
     3.707
     3.714
     3.716
     3.731
     3.772
     3.813
     3.852
     3.908
     3.978
     4.067
     4.144
     4.210
     4.282
     4.320
# B-factor for mb at z = 500.00
     3.063
     3.117
     3.207
     3.262
     3.268
     3.251
     3.250
     3.254
     3.249
     3.232
     3.200
     3.183
     3.167
     3.151
     3.163
     3.206
     3.241
     3.252
     3.245
     3.229
     3.205
     3.185
     3.177
     3.177
     3.173
     3.176
     3.167
     3.137
     3.108
     3.129
     3.205
     3.284
     3.323
     3.341
     3.355
     3.356
     3.356
     3.354
     3.347
     3.335
     3.329
     3.336
     3.346
     3.339
     3.326
     3.330
     3.349
     3.363
     3.365
     3.367
     3.376
     3.382
     3.379
     3.378
     3.389
     3.407
     3.426
     3.444
     3.460
     3.488
     3.511
     3.517
     3.534
     3.577
     3.636
     3.684
     3.706
     3.709
     3.712
     3.736
     3.786
     3.826
     3.864
     3.928
     4.005
     4.097
     4.161
     4.213
     4.287
     4.329
# B-factor for mb at z = 550.00
     3.104
     3.160
     3.256
     3.304
     3.295
     3.267
     3.266
     3.271
     3.260
     3.229
     3.183
     3.164
     3.144
     3.120
     3.132
     3.182
     3.220
     3.237
     3.236
     3.221
     3.196
     3.173
     3.158
     3.155
     3.150
     3.148
     3.126
     3.081
     3.051
     3.090
     3.193
     3.296
     3.343
     3.355
     3.354
     3.342
     3.338
     3.337
     3.326
     3.301
     3.288
     3.302
     3.318
     3.310
     3.293
     3.291
     3.305
     3.324
     3.339
     3.350
     3.359
     3.357
     3.349
     3.353
     3.378
     3.407
     3.427
     3.442
     3.455
     3.479
     3.498
     3.495
     3.509
     3.559
     3.630
     3.684
     3.704
     3.703
     3.709
     3.741
     3.800
     3.838
     3.875
     3.949
     4.032
     4.126
     4.179
     4.216
     4.292
     4.337
# B-factor for mb at z = 600.00
     3.062
     3.118
     3.214
     3.262
     3.253
     3.225
     3.224
     3.229
     3.218
     3.187
     3.141
     3.122
     3.102
     3.078
     3.090
     3.140
     3.178
     3.195
     3.194
     3.179
     3.154
     3.131
     3.116
     3.113
     3.108
     3.106
     3.084
     3.039
     3.009
     3.048
     3.151
     3.254
     3.301
     3.313
     3.312
     3.300
     3.296
     3.295
     3.284
     3.259
     3.246
     3.260
     3.276
     3.268
     3.251
     3.249
     3.263
     3.282
     3.297
     3.308
     3.317
     3.315
     3.307
     3.311
     3.336
     3.365
     3.385
     3.400
     3.413
     3.437
     3.456
     3.453
     3.467
     3.517
     3.588
     3.642
     3.662
     3.661
     3.667
     3.699
     3.758
     3.796
     3.833
     3.907
     3.990
     4.084
     4.137
     4.174
     4.250
     4.295
# B-factor for mb at z = 650.00
     3.021
     3.077
     3.173
     3.221
     3.212
     3.184
     3.183
     3.188
     3.177
     3.146
     3.100
     3.081
     3.061
     3.037
     3.049
     3.099
     3.137
     3.154
     3.153
     3.138
     3.113
     3.090
     3.075
     3.072
     3.067
     3.065
     3.043
     2.998
     2.968
     3.007
     3.110
     3.213
     3.260
     3.272
     3.271
     3.259
     3.255
     3.254
     3.243
     3.218
     3.205
     3.219
     3.235
     3.227
     3.210
     3.208
     3.222
     3.241
     3.256
     3.267
     3.276
     3.274
     3.266
     3.270
     3.295
     3.324
     3.344
     3.359
     3.372
     3.396
     3.415
     3.412
     3.426
     3.476
     3.547
     3.601
     3.621
     3.620
     3.626
     3.658
     3.717
     3.755
     3.792
     3.866
     3.949
     4.043
     4.096
     4.133
     4.209
     4.254
# B-factor for mb at z = 700.00
     2.979
     3.035
     3.131
     3.179
     3.170
     3.142
     3.141
     3.146
     3.135
     3.104
     3.058
     3.039
     3.019
     2.995
     3.007
     3.057
     3.095
     3.112
     3.111
     3.096
     3.071
     3.048
     3.033
     3.030
     3.025
     3.023
     3.001
     2.956
     2.926
     2.965
     3.068
     3.171
     3.218
     3.230
     3.229
     3.217
     3.213
     3.212
     3.201
     3.176
     3.163
     3.177
     3.193
     3.185
     3.168
     3.166
     3.180
     3.199
     3.214
     3.225
     3.234
     3.232
     3.224
     3.228
     3.253
     3.282
     3.302
     3.317
     3.330
     3.354
     3.373
     3.370
     3.384
     3.434
     3.505
     3.559
     3.579
     3.578
     3.584
     3.616
     3.675
     3.713
     3.750
     3.824
     3.907
     4.001
     4.054
     4.091
     4.167
     4.212
